F-measure: 75.36646
Recall: 88149.00000/125850.00000 = 70.04291

Precision: 88149.00000/108071.00000 = 81.56582

Number of incorrect : 37701.00000 words

