F-measure: 96.17431
Recall: 120831.00000/125850.00000 = 96.01192

Precision: 120831.00000/125425.00000 = 96.33725

Number of incorrect : 5019.00000 words

