F-measure: 68.40401
Recall: 81436.00000/125850.00000 = 64.70878

Precision: 81436.00000/112253.00000 = 72.54684

Number of incorrect : 44414.00000 words

