F-measure: 72.49689
Recall: 91942.00000/125850.00000 = 73.05681

Precision: 91942.00000/127794.00000 = 71.94548

Number of incorrect : 33908.00000 words

