F-measure: 74.68032
Recall: 94437.00000/125850.00000 = 75.03933

Precision: 94437.00000/127060.00000 = 74.32473

Number of incorrect : 31413.00000 words

