F-measure: 75.57495
Recall: 95577.00000/125850.00000 = 75.94518

Precision: 95577.00000/127083.00000 = 75.20833

Number of incorrect : 30273.00000 words

