F-measure: 74.58606
Recall: 94351.00000/125850.00000 = 74.97099

Precision: 94351.00000/127149.00000 = 74.20506

Number of incorrect : 31499.00000 words

