F-measure: 75.64056
Recall: 88681.00000/125850.00000 = 70.46564

Precision: 88681.00000/108630.00000 = 81.63583

Number of incorrect : 37169.00000 words

