F-measure: 74.29524
Recall: 87103.00000/125850.00000 = 69.21175

Precision: 87103.00000/108628.00000 = 80.18467

Number of incorrect : 38747.00000 words

