F-measure: 68.39348
Recall: 77220.00000/125850.00000 = 61.35876

Precision: 77220.00000/99961.00000 = 77.25013

Number of incorrect : 48630.00000 words

