F-measure: 30.47814
Recall: 40021.00000/125850.00000 = 31.80056

Precision: 40021.00000/136771.00000 = 29.26132

Number of incorrect : 85829.00000 words

